1990 1 1 mon
1990 1 2 tues
1990 1 3 wed
1990 1 4 thurs
1990 1 5 fri
1990 1 6 sat
1990 1 7 sun
1990 1 8 mon
1990 1 9 tues
1990 1 10 wed
1990 1 11 thurs
1990 1 12 fri
1990 1 13 sat
1990 1 14 sun
1990 1 15 mon
1990 1 16 tues
1990 1 17 wed
1990 1 18 thurs
1990 1 19 fri
1990 1 20 sat
1990 1 21 sun
1990 1 22 mon
1990 1 23 tues
1990 1 24 wed
1990 1 25 thurs
1990 1 26 fri
1990 1 27 sat
1990 1 28 sun
1990 1 29 mon
1990 1 30 tues
1990 1 31 wed
1990 2 1 thurs
1990 2 2 fri
1990 2 3 sat
1990 2 4 sun
1990 2 5 mon
1990 2 6 tues
1990 2 7 wed
1990 2 8 thurs
1990 2 9 fri
1990 2 10 sat
1990 2 11 sun
1990 2 12 mon
1990 2 13 tues
1990 2 14 wed
1990 2 15 thurs
1990 2 16 fri
1990 2 17 sat
1990 2 18 sun
1990 2 19 mon
1990 2 20 tues
1990 2 21 wed
1990 2 22 thurs
1990 2 23 fri
1990 2 24 sat
1990 2 25 sun
1990 2 26 mon
1990 2 27 tues
1990 2 28 wed
1990 3 1 thurs
1990 3 2 fri
1990 3 3 sat
1990 3 4 sun
1990 3 5 mon
1990 3 6 tues
1990 3 7 wed
1990 3 8 thurs
1990 3 9 fri
1990 3 10 sat
1990 3 11 sun
1990 3 12 mon
1990 3 13 tues
1990 3 14 wed
1990 3 15 thurs
1990 3 16 fri
1990 3 17 sat
1990 3 18 sun
1990 3 19 mon
1990 3 20 tues
1990 3 21 wed
1990 3 22 thurs
1990 3 23 fri
1990 3 24 sat
1990 3 25 sun
1990 3 26 mon
1990 3 27 tues
1990 3 28 wed
1990 3 29 thurs
1990 3 30 fri
1990 3 31 sat
1990 4 1 sun
1990 4 2 mon
1990 4 3 tues
1990 4 4 wed
1990 4 5 thurs
1990 4 6 fri
1990 4 7 sat
1990 4 8 sun
1990 4 9 mon
1990 4 10 tues
1990 4 11 wed
1990 4 12 thurs
1990 4 13 fri
1990 4 14 sat
1990 4 15 sun
1990 4 16 mon
1990 4 17 tues
1990 4 18 wed
1990 4 19 thurs
1990 4 20 fri
1990 4 21 sat
1990 4 22 sun
1990 4 23 mon
1990 4 24 tues
1990 4 25 wed
1990 4 26 thurs
1990 4 27 fri
1990 4 28 sat
1990 4 29 sun
1990 4 30 mon
1990 5 1 tues
1990 5 2 wed
1990 5 3 thurs
1990 5 4 fri
1990 5 5 sat
1990 5 6 sun
1990 5 7 mon
1990 5 8 tues
1990 5 9 wed
1990 5 10 thurs
1990 5 11 fri
1990 5 12 sat
1990 5 13 sun
1990 5 14 mon
1990 5 15 tues
1990 5 16 wed
1990 5 17 thurs
1990 5 18 fri
1990 5 19 sat
1990 5 20 sun
1990 5 21 mon
1990 5 22 tues
1990 5 23 wed
1990 5 24 thurs
1990 5 25 fri
1990 5 26 sat
1990 5 27 sun
1990 5 28 mon
1990 5 29 tues
1990 5 30 wed
1990 5 31 thurs
1990 6 1 fri
1990 6 2 sat
1990 6 3 sun
1990 6 4 mon
1990 6 5 tues
1990 6 6 wed
1990 6 7 thurs
1990 6 8 fri
1990 6 9 sat
1990 6 10 sun
1990 6 11 mon
1990 6 12 tues
1990 6 13 wed
1990 6 14 thurs
1990 6 15 fri
1990 6 16 sat
1990 6 17 sun
1990 6 18 mon
1990 6 19 tues
1990 6 20 wed
1990 6 21 thurs
1990 6 22 fri
1990 6 23 sat
1990 6 24 sun
1990 6 25 mon
1990 6 26 tues
1990 6 27 wed
1990 6 28 thurs
1990 6 29 fri
1990 6 30 sat
1990 7 1 sun
1990 7 2 mon
1990 7 3 tues
1990 7 4 wed
1990 7 5 thurs
1990 7 6 fri
1990 7 7 sat
1990 7 8 sun
1990 7 9 mon
1990 7 10 tues
1990 7 11 wed
1990 7 12 thurs
1990 7 13 fri
1990 7 14 sat
1990 7 15 sun
1990 7 16 mon
1990 7 17 tues
1990 7 18 wed
1990 7 19 thurs
1990 7 20 fri
1990 7 21 sat
1990 7 22 sun
1990 7 23 mon
1990 7 24 tues
1990 7 25 wed
1990 7 26 thurs
1990 7 27 fri
1990 7 28 sat
1990 7 29 sun
1990 7 30 mon
1990 7 31 tues
1990 8 1 wed
1990 8 2 thurs
1990 8 3 fri
1990 8 4 sat
1990 8 5 sun
1990 8 6 mon
1990 8 7 tues
1990 8 8 wed
1990 8 9 thurs
1990 8 10 fri
1990 8 11 sat
1990 8 12 sun
1990 8 13 mon
1990 8 14 tues
1990 8 15 wed
1990 8 16 thurs
1990 8 17 fri
1990 8 18 sat
1990 8 19 sun
1990 8 20 mon
1990 8 21 tues
1990 8 22 wed
1990 8 23 thurs
1990 8 24 fri
1990 8 25 sat
1990 8 26 sun
1990 8 27 mon
1990 8 28 tues
1990 8 29 wed
1990 8 30 thurs
1990 8 31 fri
1990 9 1 sat
1990 9 2 sun
1990 9 3 mon
1990 9 4 tues
1990 9 5 wed
1990 9 6 thurs
1990 9 7 fri
1990 9 8 sat
1990 9 9 sun
1990 9 10 mon
1990 9 11 tues
1990 9 12 wed
1990 9 13 thurs
1990 9 14 fri
1990 9 15 sat
1990 9 16 sun
1990 9 17 mon
1990 9 18 tues
1990 9 19 wed
1990 9 20 thurs
1990 9 21 fri
1990 9 22 sat
1990 9 23 sun
1990 9 24 mon
1990 9 25 tues
1990 9 26 wed
1990 9 27 thurs
1990 9 28 fri
1990 9 29 sat
1990 9 30 sun
1990 10 1 mon
1990 10 2 tues
1990 10 3 wed
1990 10 4 thurs
1990 10 5 fri
1990 10 6 sat
1990 10 7 sun
1990 10 8 mon
1990 10 9 tues
1990 10 10 wed
1990 10 11 thurs
1990 10 12 fri
1990 10 13 sat
1990 10 14 sun
1990 10 15 mon
1990 10 16 tues
1990 10 17 wed
1990 10 18 thurs
1990 10 19 fri
1990 10 20 sat
1990 10 21 sun
1990 10 22 mon
1990 10 23 tues
1990 10 24 wed
1990 10 25 thurs
1990 10 26 fri
1990 10 27 sat
1990 10 28 sun
1990 10 29 mon
1990 10 30 tues
1990 10 31 wed
1990 11 1 thurs
1990 11 2 fri
1990 11 3 sat
1990 11 4 sun
1990 11 5 mon
1990 11 6 tues
1990 11 7 wed
1990 11 8 thurs
1990 11 9 fri
1990 11 10 sat
1990 11 11 sun
1990 11 12 mon
1990 11 13 tues
1990 11 14 wed
1990 11 15 thurs
1990 11 16 fri
1990 11 17 sat
1990 11 18 sun
1990 11 19 mon
1990 11 20 tues
1990 11 21 wed
1990 11 22 thurs
1990 11 23 fri
1990 11 24 sat
1990 11 25 sun
1990 11 26 mon
1990 11 27 tues
1990 11 28 wed
1990 11 29 thurs
1990 11 30 fri
1990 12 1 sat
1990 12 2 sun
1990 12 3 mon
1990 12 4 tues
1990 12 5 wed
1990 12 6 thurs
1990 12 7 fri
1990 12 8 sat
1990 12 9 sun
1990 12 10 mon
1990 12 11 tues
1990 12 12 wed
1990 12 13 thurs
1990 12 14 fri
1990 12 15 sat
1990 12 16 sun
1990 12 17 mon
1990 12 18 tues
1990 12 19 wed
1990 12 20 thurs
1990 12 21 fri
1990 12 22 sat
1990 12 23 sun
1990 12 24 mon
1990 12 25 tues
1990 12 26 wed
1990 12 27 thurs
1990 12 28 fri
1990 12 29 sat
1990 12 30 sun
1990 12 31 mon
